function ps = thetaprobs_big_p()
	ps = [ ...
		178 , ...% 1dc.2048
		241 , ...% 1et.2048
		207 , ...% 1tc.2048
		667 , ...% 2dc.2048
		101 , ...% G51
		125 , ...% G52
		70 , ...% G53
		87 , ...% G54
	];
end
