function ps = thetaprobs_small_p()
	ps = [ ...
		45 , ...% 1dc.128
		19 , ...% 1dc.256
		82 , ...% 1dc.512
		119 , ...% 1dc.1024
		57 , ...% 1et.128
		63 , ...% 1et.256
		79 , ...% 1et.512
		172 , ...% 1et.1024
		9 , ...% 1tc.128
		41 , ...% 1tc.256
		119 , ...% 1tc.512
		294 , ...% 1tc.1024
		56 , ...% 1zc.128
		66 , ...% 1zc.256
		212 , ...% 1zc.512
		221 , ...% 1zc.1024
		315 , ...% 2dc.512
		422 , ...% 2dc.1024
		71 , ...% brock200-1
		85 , ...% brock200-4
		139 , ...% brock400-1
		50 , ...% c-fat200-1
		75 , ...% G43
		76 , ...% G44
		75 , ...% G45
		76 , ...% G46
		75 , ...% G47
		246 , ...% hamming-10-2
		20 , ...% hamming-7-5-6
		66 , ...% hamming-8-3-4
		89 , ...% hamming-8-4
		75 , ...% hamming-9-5-6
		29 , ...% hamming-9-8
		74 , ...% keller4
		221 , ...% p-hat300-1
		23 , ...% san200-0.7-1
		79 , ...% sanr200-0.7
		194 , ...% theta102
		273 , ...% theta103
		346 , ...% theta104
		98 , ...% theta10
		118 , ...% theta12
		326 , ...% theta123
		39 , ...% theta4
		78 , ...% theta42
		58 , ...% theta6
		116 , ...% theta62
		79 , ...% theta8
		155 , ...% theta82
		218 , ...% theta83
	];
end
